class Archivo{
private:
    string nombre;
    ifstream fuente;
    AL procesar();
    int posicion;
public:
    void lectura(){
    string texto;
    char caracter;
    string textAuxiliar;

    fuente.open("prueba1.txt",ios::in);

    if(fuente.fail()){
        cout<<"no se pudo abrir el archivo"<<endl;
        exit(1);
    }
    while(!fuente.eof()){
        //getline(fuente,texto);
        fuente >> std::noskipws>>caracter;//lee el caracter sin omitir los espacios en blanco
        //cout << caracter;
        
        if(caracter == 'M')
            {
                fuente.seekg(ios::beg,ios::cur);//Omite el caracter deseado y regresa al lugar en que se quedo
                cout << caracter;
                system("pause");
                //cout << "Es un espacio en blanco" << endl;
            }else{
                texto = texto +caracter;
                cout << texto<<endl;
            }
        /*if(caracter == '\n')
            cout << "Es un salto de linea" << endl;
        if(caracter == '\t')
            cout << "Es un tabulador"<<endl;*/
        //estado = evaluar(caracter);
    }
    fuente.close();
}
};

int r0[22] = {1,3,7,-1,9,15,18,19,-1,27,28,29,30,31,32,33,34,35,36,37,38,-1};
int r1[22] = {1,1,2,2,2,2,2,2,2,2,2,2,2,2,2,2,2,2,2,2,2,2};
int r2[22] = {-2,-2,-2,-2,-2,-2,-2,-2,-2,-2,-2,-2,-2,-2,-2,-2,-2,-2,-2,-2,-2,-2};
int r3[22] = {1,3,4,5,4,4,4,4,4,4,4,4,4,4,4,4,4,4,4,4,4,4};
int r4[22] = {-2,-2,-2,-2,-2,-2,-2,-2,-2,-2,-2,-2,-2,-2,-2,-2,-2,-2,-2,-2,-2,-2};
int r5[22] = {6,5,6,6,6,6,6,6,6,6,6,6,6,6,6,6,6,6,6,6,6,6};
int r6[22] = {-2,-2,-2,-2,-2,-2,-2,-2,-2,-2,-2,-2,-2,-2,-2,-2,-2,-2,-2,-2,-2,-2};
int r7[22] = {7,7,8,7,7,7,7,7,7,7,7,7,7,7,7,7,7,7,7,7,7,7};
int r8[22] = {0,0,0,0,0,0,0,0,0,0,0,0,0,0,0,0,0,0,0,0,0,0};
int r9[22] = {10,10,10,10,10,14,13,10,10,10,10,11,10,10,10,10,10,10,10,10,10,10};
int r10[22] = {-2,-2,-2,-2,-2,-2,-2,-2,-2,-2,-2,-2,-2,-2,-2,-2,-2,-2,-2,-2,-2,-2};
int r11[22] = {-1,-1,-1,-1,-1,-1,-1,-1,-1,-1,-1,12,-1,-1,-1,-1,-1,-1,-1,-1,-1,-1};
int r12[22] = {0,0,0,0,0,0,0,0,0,0,0,0,0,0,0,0,0,0,0,0,0,0};
int r13[22] = {0,0,0,0,0,0,0,0,0,0,0,0,0,0,0,0,0,0,0,0,0,0};
int r14[22] = {0,0,0,0,0,0,0,0,0,0,0,0,0,0,0,0,0,0,0,0,0,0};
int r15[22] = {16,16,16,16,16,16,17,16,16,16,16,16,16,16,16,16,16,16,16,16,16,16};
int r16[22] = {-2,-2,-2,-2,-2,-2,-2,-2,-2,-2,-2,-2,-2,-2,-2,-2,-2,-2,-2,-2,-2,-2};
int r17[22] = {0,0,0,0,0,0,0,0,0,0,0,0,0,0,0,0,0,0,0,0,0,0};
int r18[22] = {0,0,0,0,0,0,0,0,0,0,0,0,0,0,0,0,0,0,0,0,0,0};
int r19[22] = {20,20,20,20,20,20,20,21,20,23,20,20,20,20,20,20,20,20,20,20,20,20};
int r20[22] = {-2,-2,-2,-2,-2,-2,-2,-2,-2,-2,-2,-2,-2,-2,-2,-2,-2,-2,-2,-2,-2,-2};
int r21[22] = {21,21,21,21,21,21,21,21,22,21,21,21,21,21,21,21,21,21,21,21,21,21};
int r22[22] = {0,0,0,0,0,0,0,0,0,0,0,0,0,0,0,0,0,0,0,0,0,0};
int r23[22] = {23,23,23,23,23,23,23,23,23,24,23,23,23,23,23,23,23,23,23,23,23,23};
int r24[22] = {23,23,23,23,23,23,23,26,23,25,23,23,23,23,23,23,23,23,23,23,23,23};
int r25[22] = {24,24,24,24,24,24,24,26,24,24,24,24,24,24,24,24,24,24,24,24,24,24};
int r26[22] = {0,0,0,0,0,0,0,0,0,0,0,0,0,0,0,0,0,0,0,0,0,0};
int r27[22] = {0,0,0,0,0,0,0,0,0,0,0,0,0,0,0,0,0,0,0,0,0,0};
int r28[22] = {0,0,0,0,0,0,0,0,0,0,0,0,0,0,0,0,0,0,0,0,0,0};
int r29[22] = {0,0,0,0,0,0,0,0,0,0,0,0,0,0,0,0,0,0,0,0,0,0};
int r30[22] = {0,0,0,0,0,0,0,0,0,0,0,0,0,0,0,0,0,0,0,0,0,0};
int r31[22] = {0,0,0,0,0,0,0,0,0,0,0,0,0,0,0,0,0,0,0,0,0,0};
int r32[22] = {0,0,0,0,0,0,0,0,0,0,0,0,0,0,0,0,0,0,0,0,0,0};
int r33[22] = {0,0,0,0,0,0,0,0,0,0,0,0,0,0,0,0,0,0,0,0,0,0};
int r34[22] = {0,0,0,0,0,0,0,0,0,0,0,0,0,0,0,0,0,0,0,0,0,0};
int r35[22] = {0,0,0,0,0,0,0,0,0,0,0,0,0,0,0,0,0,0,0,0,0,0};
int r36[22] = {0,0,0,0,0,0,0,0,0,0,0,0,0,0,0,0,0,0,0,0,0,0};
int r37[22] = {0,0,0,0,0,0,0,0,0,0,0,0,0,0,0,0,0,0,0,0,0,0};
int r38[22] = {0,0,0,0,0,0,0,0,0,0,0,0,0,0,0,0,0,0,0,0,0,0};

//LAS QUE ESTABAN
int r0[17]= {1,3,6,10,16,17,20,22,23,24,25,26,27,35,-1,-1,36};
    int r1[17] = {1,2,1,2,2,2,2,2,2,2,2,2,2,2,2,2,2};
    int r2[17] = {-2,-2,-2,-2,-2,-2,-2,-2,-2,-2,-2,-2,-2,-2,-2,-2,-2};
    int r3[17] = {3,4,3,-1,-1,-1,-1,-1,-1,-1,-1,-1,-1,-1,-1,-1,-1};
    int r4[17] = {5,5,5,5,5,5,5,5,5,5,5,5,5,5,5,5,5};
    int r5[17] = {-2,-2,-2,-2,-2,-2,-2,-2,-2,-2,-2,-2,-2,-2,-2,-2,-2};
    int r6[17] = {8,8,6,8,8,8,8,8,8,8,8,8,8,8,7,8,8};
    int r7[17]= {9,9,7,9,9,9,9,9,9,9,9,9,9,9,9,9,9};
    int r8[17] = {-2,-2,-2,-2,-2,-2,-2,-2,-2,-2,-2,-2,-2,-2,-2,-2,-2};
    int r9[17] = {-2,-2,-2,-2,-2,-2,-2,-2,-2,-2,-2,-2,-2,-2,-2,-2,-2};
    int r10[17] = {11,11,11,11,14,15,11,11,11,11,12,11,11,11,11,11,11};
    int r11[17] = {-2,-2,-2,-2,-2,-2,-2,-2,-2,-2,-2,-2,-2,-2,-2,-2,-2};
    int r12[17] = {-1,-1,-1,-1,-1,-1,-1,-1,-1,-1,13,-1,-1,-1,-1,-1,-1};
    int r13[17] = {0,0,0,0,0,0,0,0,0,0,0,0,0,0,0,0,0};
    int r14[17] = {0,0,0,0,0,0,0,0,0,0,0,0,0,0,0,0,0};
    int r15[17] = {0,0,0,0,0,0,0,0,0,0,0,0,0,0,0,0,0};
    int r16[17] = {0,0,0,0,0,0,0,0,0,0,0,0,0,0,0,0,0};
    int r17[17] = {18,18,18,18,19,18,18,18,18,18,18,18,18,18,18,18,18};
    int r18[17] = {-2,-2,-2,-2,-2,-2,-2,-2,-2,-2,-2,-2,-2,-2,-2,-2,-2};
    int r19[17] = {0,0,0,0,0,0,0,0,0,0,0,0,0,0,0,0,0};
    int r20[17] = {-1,-1,-1,-1,-1,-1,21,-1,-1,-1,-1,-1,-1,-1,-1,-1,-1};
    int r21[17] = {0,0,0,0,0,0,0,0,0,0,0,0,0,0,0,0,0};
    int r22[17] = {0,0,0,0,0,0,0,0,0,0,0,0,0,0,0,0,0};
    int r23[17] = {0,0,0,0,0,0,0,0,0,0,0,0,0,0,0,0,0};
    int r24[17] = {0,0,0,0,0,0,0,0,0,0,0,0,0,0,0,0,0};
    int r25[17] = {0,0,0,0,0,0,0,0,0,0,0,0,0,0,0,0,0};
    int r26[17] = {0,0,0,0,0,0,0,0,0,0,0,0,0,0,0,0,0};
    int r27[17] = {28,28,28,28,28,28,28,28,28,28,28,29,33,28,28,28,28};
    int r28[17] = {-2,-2,-2,-2,-2,-2,-2,-2,-2,-2,-2,-2,-2,-2,-2,-2,-2};
    int r29[17] = {29,-1,29,-1,-1,-1,-1,-1,-1,-1,-1,30,-1,-1,-1,-1,-1};
    int r30[17] = {-1,-1,-1,-1,-1,-1,21,-1,-1,-1,-1,-1,31,-1,-1,-1,-1};
    int r31[17] = {32,32,32,32,32,32,32,32,32,32,32,32,32,32,32,32,32};
    int r32[17] = {-2,-2,-2,-2,-2,-2,-2,-2,-2,-2,-2,-2,-2,-2,-2,-2,-2};
    int r33[17] = {33,34,33,34,34,34,34,34,34,34,34,34,34,34,34,35,34};
    int r34[17] = {-2,-2,-2,-2,-2,-2,-2,-2,-2,-2,-2,-2,-2,-2,-2,-2,-2};
    int r35[17] = {0,0,0,0,0,0,0,0,0,0,0,0,0,0,0,0,0};
    int r36[17] = {0,0,0,0,0,0,0,0,0,0,0,0,0,0,0,0,0};

//ultima version
   int r0[22] = {1,3,7,-1,9,15,18,19,-1,27,28,29,30,31,32,33,34,35,36,37,38,-1};
    int r1[22] = {1,1,2,2,2,2,2,2,2,2,2,2,2,2,2,2,2,2,2,2,2,2};
    int r2[22] = {-2,-2,-2,-2,-2,-2,-2,-2,-2,-2,-2,-2,-2,-2,-2,-2,-2,-2,-2,-2,-2,-2};
    int r3[22] = {1,3,4,5,4,4,4,4,4,4,4,4,4,4,4,4,4,4,4,4,4,4};
    int r4[22] = {-2,-2,-2,-2,-2,-2,-2,-2,-2,-2,-2,-2,-2,-2,-2,-2,-2,-2,-2,-2,-2,-2};
    int r5[22] = {-1,6,-1,-1,-1,-1,-1,-1,-1,-1,-1,-1,-1,-1,-1,-1,-1,-1,-1,-1,-1,-1};
    int r6[22] = {40,6,40,40,40,40,40,40,40,40,40,40,40,40,40,40,40,40,40,40,40,40};
    int r7[22] = {7,7,8,7,7,7,7,7,7,7,7,7,7,7,7,7,7,7,7,7,7,7};
    int r8[22] = {0,0,0,0,0,0,0,0,0,0,0,0,0,0,0,0,0,0,0,0,0,0};
    int r9[22] = {10,10,10,10,10,14,13,10,10,10,10,11,10,10,10,10,10,10,10,10,10,10};
    int r10[22] = {-2,-2,-2,-2,-2,-2,-2,-2,-2,-2,-2,-2,-2,-2,-2,-2,-2,-2,-2,-2,-2,-2};
    int r11[22] = {42,42,42,42,42,42,42,42,42,42,42,12,42,42,42,42,42,42,42,42,42,42};
    int r12[22] = {0,0,0,0,0,0,0,0,0,0,0,0,0,0,0,0,0,0,0,0,0,0};
    int r13[22] = {0,0,0,0,0,0,0,0,0,0,0,0,0,0,0,0,0,0,0,0,0,0};
    int r14[22] = {0,0,0,0,0,0,0,0,0,0,0,0,0,0,0,0,0,0,0,0,0,0};
    int r15[22] = {16,16,16,16,16,16,17,16,16,16,16,16,16,16,16,16,16,16,16,16,16,16};
    int r16[22] = {-2,-2,-2,-2,-2,-2,-2,-2,-2,-2,-2,-2,-2,-2,-2,-2,-2,-2,-2,-2,-2,-2};
    int r17[22] = {0,0,0,0,0,0,0,0,0,0,0,0,0,0,0,0,0,0,0,0,0,0};
    int r18[22] = {0,0,0,0,0,0,0,0,0,0,0,0,0,0,0,0,0,0,0,0,0,0};
    int r19[22] = {20,20,20,20,20,20,20,21,20,23,20,20,20,20,20,20,20,20,20,20,20,20};
    int r20[22] = {-2,-2,-2,-2,-2,-2,-2,-2,-2,-2,-2,-2,-2,-2,-2,-2,-2,-2,-2,-2,-2,-2};
    int r21[22] = {21,21,21,21,21,21,21,21,22,21,21,21,21,21,21,21,21,21,21,21,21,21};
    int r22[22] = {0,0,0,0,0,0,0,0,0,0,0,0,0,0,0,0,0,0,0,0,0,0};
    int r23[22] = {23,23,23,23,23,23,23,23,23,24,23,23,23,23,23,23,23,23,23,23,23,23};
    int r24[22] = {23,23,23,23,23,23,23,26,23,25,23,23,23,23,23,23,23,23,23,23,23,23};
    int r25[22] = {24,24,24,24,24,24,24,26,24,24,24,24,24,24,24,24,24,24,24,24,24,24};
    int r26[22] = {0,0,0,0,0,0,0,0,0,0,0,0,0,0,0,0,0,0,0,0,0,0};
    int r27[22] = {0,0,0,0,0,0,0,0,0,0,0,0,0,0,0,0,0,0,0,0,0,0};
    int r28[22] = {39,3,39,39,39,39,39,39,39,39,39,39,39,39,39,39,39,39,39,39,39,39};
    int r29[22] = {41,3,41,41,41,41,41,41,41,41,41,41,41,41,41,41,41,41,41,41,41,41};
    int r30[22] = {0,0,0,0,0,0,0,0,0,0,0,0,0,0,0,0,0,0,0,0,0,0};
    int r31[22] = {0,0,0,0,0,0,0,0,0,0,0,0,0,0,0,0,0,0,0,0,0,0};
    int r32[22] = {0,0,0,0,0,0,0,0,0,0,0,0,0,0,0,0,0,0,0,0,0,0};
    int r33[22] = {0,0,0,0,0,0,0,0,0,0,0,0,0,0,0,0,0,0,0,0,0,0};
    int r34[22] = {0,0,0,0,0,0,0,0,0,0,0,0,0,0,0,0,0,0,0,0,0,0};
    int r35[22] = {0,0,0,0,0,0,0,0,0,0,0,0,0,0,0,0,0,0,0,0,0,0};
    int r36[22] = {0,0,0,0,0,0,0,0,0,0,0,0,0,0,0,0,0,0,0,0,0,0};
    int r37[22] = {0,0,0,0,0,0,0,0,0,0,0,0,0,0,0,0,0,0,0,0,0,0};
    int r38[22] = {0,0,0,0,0,0,0,0,0,0,0,0,0,0,0,0,0,0,0,0,0,0};
    int r39[22] = {0,0,0,0,0,0,0,0,0,0,0,0,0,0,0,0,0,0,0,0,0,0};
    int r40[22] = {-2,-2,-2,-2,-2,-2,-2,-2,-2,-2,-2,-2,-2,-2,-2,-2,-2,-2,-2,-2,-2,-2};
    int r41[22] = {0,0,0,0,0,0,0,0,0,0,0,0,0,0,0,0,0,0,0,0,0,0};
    int r42[22] = {-2,-2,-2,-2,-2,-2,-2,-2,-2,-2,-2,-2,-2,-2,-2,-2,-2,-2,-2,-2,-2,-2};
   //Ultima version ahora si
  int r0[22] = {1,3,7,-1,9,15,18,19,-1,27,28,29,30,31,32,33,34,35,36,37,38,-1};
    int r1[22] = {1,1,2,2,2,2,2,2,2,2,2,2,2,2,2,2,2,2,2,2,2,2};
    int r2[22] = {-2,-2,-2,-2,-2,-2,-2,-2,-2,-2,-2,-2,-2,-2,-2,-2,-2,-2,-2,-2,-2,-2};
    int r3[22] = {1,3,4,5,4,4,4,4,4,4,4,4,4,4,4,4,4,4,4,4,4,4};
    int r4[22] = {-2,-2,-2,-2,-2,-2,-2,-2,-2,-2,-2,-2,-2,-2,-2,-2,-2,-2,-2,-2,-2,-2};
    int r5[22] = {6,5,6,6,6,6,6,6,6,6,6,6,6,6,6,6,6,6,6,6,6,6};
    int r6[22] = {-2,-2,-2,-2,-2,-2,-2,-2,-2,-2,-2,-2,-2,-2,-2,-2,-2,-2,-2,-2,-2,-2};
    int r7[22] = {7,7,8,7,7,7,7,7,7,7,7,7,7,7,7,7,7,7,7,7,7,7};
    int r8[22] = {0,0,0,0,0,0,0,0,0,0,0,0,0,0,0,0,0,0,0,0,0,0};
    int r9[22] = {10,10,10,10,10,14,13,10,10,10,10,11,10,10,10,10,10,10,10,10,10,10};
    int r10[22] = {-2,-2,-2,-2,-2,-2,-2,-2,-2,-2,-2,-2,-2,-2,-2,-2,-2,-2,-2,-2,-2,-2};
    int r11[22] = {-1,-1,-1,-1,-1,-1,-1,-1,-1,-1,-1,12,-1,-1,-1,-1,-1,-1,-1,-1,-1,-1};
    int r12[22] = {0,0,0,0,0,0,0,0,0,0,0,0,0,0,0,0,0,0,0,0,0,0};
    int r13[22] = {0,0,0,0,0,0,0,0,0,0,0,0,0,0,0,0,0,0,0,0,0,0};
    int r14[22] = {0,0,0,0,0,0,0,0,0,0,0,0,0,0,0,0,0,0,0,0,0,0};
    int r15[22] = {16,16,16,16,16,16,17,16,16,16,16,16,16,16,16,16,16,16,16,16,16,16};
    int r16[22] = {-2,-2,-2,-2,-2,-2,-2,-2,-2,-2,-2,-2,-2,-2,-2,-2,-2,-2,-2,-2,-2,-2};
    int r17[22] = {0,0,0,0,0,0,0,0,0,0,0,0,0,0,0,0,0,0,0,0,0,0};
    int r18[22] = {0,0,0,0,0,0,0,0,0,0,0,0,0,0,0,0,0,0,0,0,0,0};
    int r19[22] = {20,20,20,20,20,20,20,21,20,23,20,20,20,20,20,20,20,20,20,20,20,20};
    int r20[22] = {-2,-2,-2,-2,-2,-2,-2,-2,-2,-2,-2,-2,-2,-2,-2,-2,-2,-2,-2,-2,-2,-2};
    int r21[22] = {21,21,21,21,21,21,21,21,22,21,21,21,21,21,21,21,21,21,21,21,21,21};
    int r22[22] = {0,0,0,0,0,0,0,0,0,0,0,0,0,0,0,0,0,0,0,0,0,0};
    int r23[22] = {23,23,23,23,23,23,23,23,23,24,23,23,23,23,23,23,23,23,23,23,23,23};
    int r24[22] = {23,23,23,23,23,23,23,26,23,25,23,23,23,23,23,23,23,23,23,23,23,23};
    int r25[22] = {24,24,24,24,24,24,24,26,24,24,24,24,24,24,24,24,24,24,24,24,24,24};
    int r26[22] = {0,0,0,0,0,0,0,0,0,0,0,0,0,0,0,0,0,0,0,0,0,0};
    int r27[22] = {0,0,0,0,0,0,0,0,0,0,0,0,0,0,0,0,0,0,0,0,0,0};
    int r28[22] = {0,0,0,0,0,0,0,0,0,0,0,0,0,0,0,0,0,0,0,0,0,0};
    int r29[22] = {0,0,0,0,0,0,0,0,0,0,0,0,0,0,0,0,0,0,0,0,0,0};
    int r30[22] = {0,0,0,0,0,0,0,0,0,0,0,0,0,0,0,0,0,0,0,0,0,0};
    int r31[22] = {0,0,0,0,0,0,0,0,0,0,0,0,0,0,0,0,0,0,0,0,0,0};
    int r32[22] = {0,0,0,0,0,0,0,0,0,0,0,0,0,0,0,0,0,0,0,0,0,0};
    int r33[22] = {0,0,0,0,0,0,0,0,0,0,0,0,0,0,0,0,0,0,0,0,0,0};
    int r34[22] = {0,0,0,0,0,0,0,0,0,0,0,0,0,0,0,0,0,0,0,0,0,0};
    int r35[22] = {0,0,0,0,0,0,0,0,0,0,0,0,0,0,0,0,0,0,0,0,0,0};
    int r36[22] = {0,0,0,0,0,0,0,0,0,0,0,0,0,0,0,0,0,0,0,0,0,0};
    int r37[22] = {0,0,0,0,0,0,0,0,0,0,0,0,0,0,0,0,0,0,0,0,0,0};
    int r38[22] = {0,0,0,0,0,0,0,0,0,0,0,0,0,0,0,0,0,0,0,0,0,0};
